1.117995951623601200e-02 1.824922925679654112e-02 2.919866084156684527e-02 4.579261559782388247e-02 7.039504285070911915e-02 1.060725025512299496e-01 1.566670490272343286e-01 2.268123098538830928e-01 3.218619885351239884e-01 4.476997678163321392e-01 6.104051070319325145e-01 8.157621638686042287e-01 1.068619434921102007e+00 1.372134515205186922e+00 1.726968514461828308e+00 2.130523166527646950e+00 2.576334281923011726e+00 3.053741522986316070e+00 3.547941469846718210e+00 4.040496448235920468e+00 4.510317578932717453e+00 4.935073506211724137e+00 5.292906710503006096e+00 5.564279840566509705e+00 5.733737389897912706e+00 5.791362408683127683e+00 5.733737389897912706e+00 5.564279840566509705e+00 5.292906710503006096e+00 4.935073506211724137e+00 4.510317578932717453e+00 4.040496448235920468e+00 3.547941469846718210e+00 3.053741522986316070e+00 2.576334281923011726e+00 2.130523166527646950e+00 1.726968514461828308e+00 1.372134515205186922e+00 1.068619434921102007e+00 8.157621638686042287e-01 6.104051070319325145e-01 4.476997678163321392e-01 3.218619885351239884e-01 2.268123098538830928e-01 1.566670490272343286e-01 1.060725025512299496e-01 7.039504285070911915e-02 4.579261559782388247e-02 2.919866084156684527e-02 1.824922925679654112e-02 1.117995951623601200e-02
1.824922925679654112e-02 2.978851291755324482e-02 4.766144769266546927e-02 7.474802919450961036e-02 1.149069702496664652e-01 1.731438664056309806e-01 2.557301652596992159e-01 3.702294122600386928e-01 5.253805444729752194e-01 7.307875926768563346e-01 9.963741569518228536e-01 1.331581811708621998e+00 1.744324836581266691e+00 2.239757425130037394e+00 2.818958717508288636e+00 3.477687521713773933e+00 4.205392236410022910e+00 4.984671819521802050e+00 5.791362408683127683e+00 6.595367889127594196e+00 7.362264541241750671e+00 8.055600530861461550e+00 8.639697474264728783e+00 9.082664236127445889e+00 9.359272542494984748e+00 9.453334795333324436e+00 9.359272542494984748e+00 9.082664236127445889e+00 8.639697474264728783e+00 8.055600530861461550e+00 7.362264541241750671e+00 6.595367889127594196e+00 5.791362408683127683e+00 4.984671819521802050e+00 4.205392236410022910e+00 3.477687521713773933e+00 2.818958717508288636e+00 2.239757425130037394e+00 1.744324836581266691e+00 1.331581811708621998e+00 9.963741569518228536e-01 7.307875926768563346e-01 5.253805444729752194e-01 3.702294122600386928e-01 2.557301652596992159e-01 1.731438664056309806e-01 1.149069702496664652e-01 7.474802919450961036e-02 4.766144769266546927e-02 2.978851291755324482e-02 1.824922925679654112e-02
2.919866084156684527e-02 4.766144769266546927e-02 7.625803954859773637e-02 1.195964126656569732e-01 1.838504851596663991e-01 2.770291808402121081e-01 4.091667794460341900e-01 5.923649097743383107e-01 8.406058203861360711e-01 1.169255904758264464e+00 1.594192865394758796e+00 2.130523166527646950e+00 2.790909609614847131e+00 3.583598874423525871e+00 4.510317578932717453e+00 5.564279840566509705e+00 6.728603158457410416e+00 7.975445966329100855e+00 9.266146224710306356e+00 1.055255032473638543e+01 1.177958051491687286e+01 1.288891407225701968e+01 1.382346578997825581e+01 1.453221003674690159e+01 1.497478172073065039e+01 1.512528077907293600e+01 1.497478172073065039e+01 1.453221003674690159e+01 1.382346578997825581e+01 1.288891407225701968e+01 1.177958051491687286e+01 1.055255032473638543e+01 9.266146224710306356e+00 7.975445966329100855e+00 6.728603158457410416e+00 5.564279840566509705e+00 4.510317578932717453e+00 3.583598874423525871e+00 2.790909609614847131e+00 2.130523166527646950e+00 1.594192865394758796e+00 1.169255904758264464e+00 8.406058203861360711e-01 5.923649097743383107e-01 4.091667794460341900e-01 2.770291808402121081e-01 1.838504851596663991e-01 1.195964126656569732e-01 7.625803954859773637e-02 4.766144769266546927e-02 2.919866084156684527e-02
4.579261559782388247e-02 7.474802919450961036e-02 1.195964126656569732e-01 1.875645113244607809e-01 2.883349561841840880e-01 4.344682400480640028e-01 6.417012461029844017e-01 9.290131062558786290e-01 1.318332351305536276e+00 1.833758283388716936e+00 2.500192096820089471e+00 3.341325443534409523e+00 4.377017549360575188e+00 5.620201782667270329e+00 7.073586019470698538e+00 8.726527877437751712e+00 1.055255032473638543e+01 1.250798909371233414e+01 1.453221003674690159e+01 1.654969326228231452e+01 1.847405966150668988e+01 2.021384099725640127e+01 2.167950984412938809e+01 2.279104208273270160e+01 2.348513264767732167e+01 2.372116215478032331e+01 2.348513264767732167e+01 2.279104208273270160e+01 2.167950984412938809e+01 2.021384099725640127e+01 1.847405966150668988e+01 1.654969326228231452e+01 1.453221003674690159e+01 1.250798909371233414e+01 1.055255032473638543e+01 8.726527877437751712e+00 7.073586019470698538e+00 5.620201782667270329e+00 4.377017549360575188e+00 3.341325443534409523e+00 2.500192096820089471e+00 1.833758283388716936e+00 1.318332351305536276e+00 9.290131062558786290e-01 6.417012461029844017e-01 4.344682400480640028e-01 2.883349561841840880e-01 1.875645113244607809e-01 1.195964126656569732e-01 7.474802919450961036e-02 4.579261559782388247e-02
7.039504285070911915e-02 1.149069702496664652e-01 1.838504851596663991e-01 2.883349561841840880e-01 4.432450806961009127e-01 6.678895707566668838e-01 9.864600684421198640e-01 1.428132387066807896e+00 2.026616325581533040e+00 2.818958717508288636e+00 3.843439111152633814e+00 5.136477676696568295e+00 6.728603158457410416e+00 8.639697474264728783e+00 1.087392332689726793e+01 1.341492063404499646e+01 1.622198737932287926e+01 1.922800033876914938e+01 2.233974921277301462e+01 2.544114047985980420e+01 2.839938720513097081e+01 3.107387915284108715e+01 3.332698961472691934e+01 3.503570091118632490e+01 3.610269685417132735e+01 3.646553498974480334e+01 3.610269685417132735e+01 3.503570091118632490e+01 3.332698961472691934e+01 3.107387915284108715e+01 2.839938720513097081e+01 2.544114047985980420e+01 2.233974921277301462e+01 1.922800033876914938e+01 1.622198737932287926e+01 1.341492063404499646e+01 1.087392332689726793e+01 8.639697474264728783e+00 6.728603158457410416e+00 5.136477676696568295e+00 3.843439111152633814e+00 2.818958717508288636e+00 2.026616325581533040e+00 1.428132387066807896e+00 9.864600684421198640e-01 6.678895707566668838e-01 4.432450806961009127e-01 2.883349561841840880e-01 1.838504851596663991e-01 1.149069702496664652e-01 7.039504285070911915e-02
1.060725025512299496e-01 1.731438664056309806e-01 2.770291808402121081e-01 4.344682400480640028e-01 6.678895707566668838e-01 1.006387883707535513e+00 1.486415575432227909e+00 2.151935280327940347e+00 3.053741522986316070e+00 4.247657131040409872e+00 5.791362408683127683e+00 7.739735916081539990e+00 1.013877890813013671e+01 1.301844981221668363e+01 1.638502106292233762e+01 2.021384099725640127e+01 2.444357909303996479e+01 2.897309288261332938e+01 3.366193142876725375e+01 3.833516294860728379e+01 4.279270172699776964e+01 4.682267375994849345e+01 5.021770067574189511e+01 5.279241724687017978e+01 5.440018571040322826e+01 5.494691666620253301e+01 5.440018571040322826e+01 5.279241724687017978e+01 5.021770067574189511e+01 4.682267375994849345e+01 4.279270172699776964e+01 3.833516294860728379e+01 3.366193142876725375e+01 2.897309288261332938e+01 2.444357909303996479e+01 2.021384099725640127e+01 1.638502106292233762e+01 1.301844981221668363e+01 1.013877890813013671e+01 7.739735916081539990e+00 5.791362408683127683e+00 4.247657131040409872e+00 3.053741522986316070e+00 2.151935280327940347e+00 1.486415575432227909e+00 1.006387883707535513e+00 6.678895707566668838e-01 4.344682400480640028e-01 2.770291808402121081e-01 1.731438664056309806e-01 1.060725025512299496e-01
1.566670490272343286e-01 2.557301652596992159e-01 4.091667794460341900e-01 6.417012461029844017e-01 9.864600684421198640e-01 1.486415575432227909e+00 2.195407256641418225e+00 3.178367078722830641e+00 4.510317578932717453e+00 6.273708001545331037e+00 8.553731048038896390e+00 1.143144129777611084e+01 1.497478172073065039e+01 1.922800033876914938e+01 2.420036141729884349e+01 2.985545492354525976e+01 3.610269685417132735e+01 4.279270172699776964e+01 4.971802620528376337e+01 5.662029940545446038e+01 6.320399856912430181e+01 6.915618986167670812e+01 7.417057941101816709e+01 7.797338633626604576e+01 8.034802947791452254e+01 8.115554059905124973e+01 8.034802947791452254e+01 7.797338633626604576e+01 7.417057941101816709e+01 6.915618986167670812e+01 6.320399856912430181e+01 5.662029940545446038e+01 4.971802620528376337e+01 4.279270172699776964e+01 3.610269685417132735e+01 2.985545492354525976e+01 2.420036141729884349e+01 1.922800033876914938e+01 1.497478172073065039e+01 1.143144129777611084e+01 8.553731048038896390e+00 6.273708001545331037e+00 4.510317578932717453e+00 3.178367078722830641e+00 2.195407256641418225e+00 1.486415575432227909e+00 9.864600684421198640e-01 6.417012461029844017e-01 4.091667794460341900e-01 2.557301652596992159e-01 1.566670490272343286e-01
2.268123098538830928e-01 3.702294122600386928e-01 5.923649097743383107e-01 9.290131062558786290e-01 1.428132387066807896e+00 2.151935280327940347e+00 3.178367078722830641e+00 4.601432037973388844e+00 6.529742882145376903e+00 9.082664236127445889e+00 1.238353252276630734e+01 1.654969326228231452e+01 2.167950984412938809e+01 2.783704166119423107e+01 3.503570091118632490e+01 4.322277552933704925e+01 5.226712391848054295e+01 6.195247554513770183e+01 7.197850751012752823e+01 8.197116734187767406e+01 9.150261651365245541e+01 1.001198098809782380e+02 1.073793152029658842e+02 1.128847704215286569e+02 1.163226234951660274e+02 1.174916852969611938e+02 1.163226234951660274e+02 1.128847704215286569e+02 1.073793152029658842e+02 1.001198098809782380e+02 9.150261651365245541e+01 8.197116734187767406e+01 7.197850751012752823e+01 6.195247554513770183e+01 5.226712391848054295e+01 4.322277552933704925e+01 3.503570091118632490e+01 2.783704166119423107e+01 2.167950984412938809e+01 1.654969326228231452e+01 1.238353252276630734e+01 9.082664236127445889e+00 6.529742882145376903e+00 4.601432037973388844e+00 3.178367078722830641e+00 2.151935280327940347e+00 1.428132387066807896e+00 9.290131062558786290e-01 5.923649097743383107e-01 3.702294122600386928e-01 2.268123098538830928e-01
3.218619885351239884e-01 5.253805444729752194e-01 8.406058203861360711e-01 1.318332351305536276e+00 2.026616325581533040e+00 3.053741522986316070e+00 4.510317578932717453e+00 6.529742882145376903e+00 9.266146224710306356e+00 1.288891407225701968e+01 1.757306914000686859e+01 2.348513264767732167e+01 3.076468888921206712e+01 3.950264247023925179e+01 4.971802620528376337e+01 6.133603811381296111e+01 7.417057941101816709e+01 8.791474760112227216e+01 1.021423642037980386e+02 1.163226234951660274e+02 1.298483937058976778e+02 1.420767731734227937e+02 1.523785015946955070e+02 1.601911144355912597e+02 1.650696601692216916e+02 1.667286378344491879e+02 1.650696601692216916e+02 1.601911144355912597e+02 1.523785015946955070e+02 1.420767731734227937e+02 1.298483937058976778e+02 1.163226234951660274e+02 1.021423642037980386e+02 8.791474760112227216e+01 7.417057941101816709e+01 6.133603811381296111e+01 4.971802620528376337e+01 3.950264247023925179e+01 3.076468888921206712e+01 2.348513264767732167e+01 1.757306914000686859e+01 1.288891407225701968e+01 9.266146224710306356e+00 6.529742882145376903e+00 4.510317578932717453e+00 3.053741522986316070e+00 2.026616325581533040e+00 1.318332351305536276e+00 8.406058203861360711e-01 5.253805444729752194e-01 3.218619885351239884e-01
4.476997678163321392e-01 7.307875926768563346e-01 1.169255904758264464e+00 1.833758283388716936e+00 2.818958717508288636e+00 4.247657131040409872e+00 6.273708001545331037e+00 9.082664236127445889e+00 1.288891407225701968e+01 1.792806868501782702e+01 2.444357909303996479e+01 3.266707100566335242e+01 4.279270172699776964e+01 5.494691666620253301e+01 6.915618986167670812e+01 8.531647414255351691e+01 1.031689120304181273e+02 1.222866119350986338e+02 1.420767731734227937e+02 1.618010619010680671e+02 1.806149771771206360e+02 1.976242632792088330e+02 2.119536391812887928e+02 2.228207346430016287e+02 2.296066362717345442e+02 2.319142213298992203e+02 2.296066362717345442e+02 2.228207346430016287e+02 2.119536391812887928e+02 1.976242632792088330e+02 1.806149771771206360e+02 1.618010619010680671e+02 1.420767731734227937e+02 1.222866119350986338e+02 1.031689120304181273e+02 8.531647414255351691e+01 6.915618986167670812e+01 5.494691666620253301e+01 4.279270172699776964e+01 3.266707100566335242e+01 2.444357909303996479e+01 1.792806868501782702e+01 1.288891407225701968e+01 9.082664236127445889e+00 6.273708001545331037e+00 4.247657131040409872e+00 2.818958717508288636e+00 1.833758283388716936e+00 1.169255904758264464e+00 7.307875926768563346e-01 4.476997678163321392e-01
6.104051070319325145e-01 9.963741569518228536e-01 1.594192865394758796e+00 2.500192096820089471e+00 3.843439111152633814e+00 5.791362408683127683e+00 8.553731048038896390e+00 1.238353252276630734e+01 1.757306914000686859e+01 2.444357909303996479e+01 3.332698961472691934e+01 4.453910501426049251e+01 5.834464423615617079e+01 7.491600612682846361e+01 9.428928605510313332e+01 1.163226234951660274e+02 1.406630856599654464e+02 1.667286378344491879e+02 1.937110406795054018e+02 2.206036312891712896e+02 2.462549958716963943e+02 2.694458837167429124e+02 2.889829146914790954e+02 3.037993855616501833e+02 3.130514542642951028e+02 3.161976736855929744e+02 3.130514542642951028e+02 3.037993855616501833e+02 2.889829146914790954e+02 2.694458837167429124e+02 2.462549958716963943e+02 2.206036312891712896e+02 1.937110406795054018e+02 1.667286378344491879e+02 1.406630856599654464e+02 1.163226234951660274e+02 9.428928605510313332e+01 7.491600612682846361e+01 5.834464423615617079e+01 4.453910501426049251e+01 3.332698961472691934e+01 2.444357909303996479e+01 1.757306914000686859e+01 1.238353252276630734e+01 8.553731048038896390e+00 5.791362408683127683e+00 3.843439111152633814e+00 2.500192096820089471e+00 1.594192865394758796e+00 9.963741569518228536e-01 6.104051070319325145e-01
8.157621638686042287e-01 1.331581811708621998e+00 2.130523166527646950e+00 3.341325443534409523e+00 5.136477676696568295e+00 7.739735916081539990e+00 1.143144129777611084e+01 1.654969326228231452e+01 2.348513264767732167e+01 3.266707100566335242e+01 4.453910501426049251e+01 5.952328423311086425e+01 7.797338633626604576e+01 1.001198098809782380e+02 1.260107937103366567e+02 1.554567515181774979e+02 1.879860142264594458e+02 2.228207346430016287e+02 2.588807594981115017e+02 2.948207568130846425e+02 3.291019455465342389e+02 3.600948855343701780e+02 3.862047107634127201e+02 4.060058497098381167e+02 4.183705686451528436e+02 4.225752627631350151e+02 4.183705686451528436e+02 4.060058497098381167e+02 3.862047107634127201e+02 3.600948855343701780e+02 3.291019455465342389e+02 2.948207568130846425e+02 2.588807594981115017e+02 2.228207346430016287e+02 1.879860142264594458e+02 1.554567515181774979e+02 1.260107937103366567e+02 1.001198098809782380e+02 7.797338633626604576e+01 5.952328423311086425e+01 4.453910501426049251e+01 3.266707100566335242e+01 2.348513264767732167e+01 1.654969326228231452e+01 1.143144129777611084e+01 7.739735916081539990e+00 5.136477676696568295e+00 3.341325443534409523e+00 2.130523166527646950e+00 1.331581811708621998e+00 8.157621638686042287e-01
1.068619434921102007e+00 1.744324836581266691e+00 2.790909609614847131e+00 4.377017549360575188e+00 6.728603158457410416e+00 1.013877890813013671e+01 1.497478172073065039e+01 2.167950984412938809e+01 3.076468888921206712e+01 4.279270172699776964e+01 5.834464423615617079e+01 7.797338633626604576e+01 1.021423642037980386e+02 1.311533917582528090e+02 1.650696601692216916e+02 2.036428181152843138e+02 2.462549958716963943e+02 2.918872412685983022e+02 3.391245919213495199e+02 3.862047107634127201e+02 4.311118493331088075e+02 4.717114989408828478e+02 5.059144418057865096e+02 5.318532299096334555e+02 5.480505721582039769e+02 5.535585719789678478e+02 5.480505721582039769e+02 5.318532299096334555e+02 5.059144418057865096e+02 4.717114989408828478e+02 4.311118493331088075e+02 3.862047107634127201e+02 3.391245919213495199e+02 2.918872412685983022e+02 2.462549958716963943e+02 2.036428181152843138e+02 1.650696601692216916e+02 1.311533917582528090e+02 1.021423642037980386e+02 7.797338633626604576e+01 5.834464423615617079e+01 4.279270172699776964e+01 3.076468888921206712e+01 2.167950984412938809e+01 1.497478172073065039e+01 1.013877890813013671e+01 6.728603158457410416e+00 4.377017549360575188e+00 2.790909609614847131e+00 1.744324836581266691e+00 1.068619434921102007e+00
1.372134515205186922e+00 2.239757425130037394e+00 3.583598874423525871e+00 5.620201782667270329e+00 8.639697474264728783e+00 1.301844981221668363e+01 1.922800033876914938e+01 2.783704166119423107e+01 3.950264247023925179e+01 5.494691666620253301e+01 7.491600612682846361e+01 1.001198098809782380e+02 1.311533917582528090e+02 1.684042885024011866e+02 2.119536391812887928e+02 2.614825543859438994e+02 3.161976736855929744e+02 3.747906365957472303e+02 4.354445954508711907e+02 4.958966646647596122e+02 5.535585719789678478e+02 6.056895539839661069e+02 6.496070019480212068e+02 6.829130651514382180e+02 7.037108642813929009e+02 7.107832760463652448e+02 7.037108642813929009e+02 6.829130651514382180e+02 6.496070019480212068e+02 6.056895539839661069e+02 5.535585719789678478e+02 4.958966646647596122e+02 4.354445954508711907e+02 3.747906365957472303e+02 3.161976736855929744e+02 2.614825543859438994e+02 2.119536391812887928e+02 1.684042885024011866e+02 1.311533917582528090e+02 1.001198098809782380e+02 7.491600612682846361e+01 5.494691666620253301e+01 3.950264247023925179e+01 2.783704166119423107e+01 1.922800033876914938e+01 1.301844981221668363e+01 8.639697474264728783e+00 5.620201782667270329e+00 3.583598874423525871e+00 2.239757425130037394e+00 1.372134515205186922e+00
1.726968514461828308e+00 2.818958717508288636e+00 4.510317578932717453e+00 7.073586019470698538e+00 1.087392332689726793e+01 1.638502106292233762e+01 2.420036141729884349e+01 3.503570091118632490e+01 4.971802620528376337e+01 6.915618986167670812e+01 9.428928605510313332e+01 1.260107937103366567e+02 1.650696601692216916e+02 2.119536391812887928e+02 2.667648523781590484e+02 3.291019455465342389e+02 3.979663952403651592e+02 4.717114989408828478e+02 5.480505721582039769e+02 6.241355470710614100e+02 6.967088241892764700e+02 7.623208786584008294e+02 8.175953791020377821e+02 8.595143905805703071e+02 8.856905007720426966e+02 8.945918382896621779e+02 8.856905007720426966e+02 8.595143905805703071e+02 8.175953791020377821e+02 7.623208786584008294e+02 6.967088241892764700e+02 6.241355470710614100e+02 5.480505721582039769e+02 4.717114989408828478e+02 3.979663952403651592e+02 3.291019455465342389e+02 2.667648523781590484e+02 2.119536391812887928e+02 1.650696601692216916e+02 1.260107937103366567e+02 9.428928605510313332e+01 6.915618986167670812e+01 4.971802620528376337e+01 3.503570091118632490e+01 2.420036141729884349e+01 1.638502106292233762e+01 1.087392332689726793e+01 7.073586019470698538e+00 4.510317578932717453e+00 2.818958717508288636e+00 1.726968514461828308e+00
2.130523166527646950e+00 3.477687521713773933e+00 5.564279840566509705e+00 8.726527877437751712e+00 1.341492063404499646e+01 2.021384099725640127e+01 2.985545492354525976e+01 4.322277552933704925e+01 6.133603811381296111e+01 8.531647414255351691e+01 1.163226234951660274e+02 1.554567515181774979e+02 2.036428181152843138e+02 2.614825543859438994e+02 3.291019455465342389e+02 4.060058497098381167e+02 4.909624104081121345e+02 5.819401268726757053e+02 6.761179666183161316e+02 7.699823308606676164e+02 8.595143905805703071e+02 9.404585426478159889e+02 1.008649481120199994e+03 1.060364045876340469e+03 1.092656938714570060e+03 1.103638323514327112e+03 1.092656938714570060e+03 1.060364045876340469e+03 1.008649481120199994e+03 9.404585426478159889e+02 8.595143905805703071e+02 7.699823308606676164e+02 6.761179666183161316e+02 5.819401268726757053e+02 4.909624104081121345e+02 4.060058497098381167e+02 3.291019455465342389e+02 2.614825543859438994e+02 2.036428181152843138e+02 1.554567515181774979e+02 1.163226234951660274e+02 8.531647414255351691e+01 6.133603811381296111e+01 4.322277552933704925e+01 2.985545492354525976e+01 2.021384099725640127e+01 1.341492063404499646e+01 8.726527877437751712e+00 5.564279840566509705e+00 3.477687521713773933e+00 2.130523166527646950e+00
2.576334281923011726e+00 4.205392236410022910e+00 6.728603158457410416e+00 1.055255032473638543e+01 1.622198737932287926e+01 2.444357909303996479e+01 3.610269685417132735e+01 5.226712391848054295e+01 7.417057941101816709e+01 1.031689120304181273e+02 1.406630856599654464e+02 1.879860142264594458e+02 2.462549958716963943e+02 3.161976736855929744e+02 3.979663952403651592e+02 4.909624104081121345e+02 5.936960972508439909e+02 7.037108642813929009e+02 8.175953791020377821e+02 9.311008237964550744e+02 1.039367430990172124e+03 1.137249114310196546e+03 1.219708979221797335e+03 1.282244795846180068e+03 1.321294963517997985e+03 1.334574198668823328e+03 1.321294963517997985e+03 1.282244795846180068e+03 1.219708979221797335e+03 1.137249114310196546e+03 1.039367430990172124e+03 9.311008237964550744e+02 8.175953791020377821e+02 7.037108642813929009e+02 5.936960972508439909e+02 4.909624104081121345e+02 3.979663952403651592e+02 3.161976736855929744e+02 2.462549958716963943e+02 1.879860142264594458e+02 1.406630856599654464e+02 1.031689120304181273e+02 7.417057941101816709e+01 5.226712391848054295e+01 3.610269685417132735e+01 2.444357909303996479e+01 1.622198737932287926e+01 1.055255032473638543e+01 6.728603158457410416e+00 4.205392236410022910e+00 2.576334281923011726e+00
3.053741522986316070e+00 4.984671819521802050e+00 7.975445966329100855e+00 1.250798909371233414e+01 1.922800033876914938e+01 2.897309288261332938e+01 4.279270172699776964e+01 6.195247554513770183e+01 8.791474760112227216e+01 1.222866119350986338e+02 1.667286378344491879e+02 2.228207346430016287e+02 2.918872412685983022e+02 3.747906365957472303e+02 4.717114989408828478e+02 5.819401268726757053e+02 7.037108642813929009e+02 8.341119013595823617e+02 9.690997692667588126e+02 1.103638323514327112e+03 1.231967258257036519e+03 1.347986892351664665e+03 1.445726970270607353e+03 1.519850977096768702e+03 1.566137330283048186e+03 1.581877272129145695e+03 1.566137330283048186e+03 1.519850977096768702e+03 1.445726970270607353e+03 1.347986892351664665e+03 1.231967258257036519e+03 1.103638323514327112e+03 9.690997692667588126e+02 8.341119013595823617e+02 7.037108642813929009e+02 5.819401268726757053e+02 4.717114989408828478e+02 3.747906365957472303e+02 2.918872412685983022e+02 2.228207346430016287e+02 1.667286378344491879e+02 1.222866119350986338e+02 8.791474760112227216e+01 6.195247554513770183e+01 4.279270172699776964e+01 2.897309288261332938e+01 1.922800033876914938e+01 1.250798909371233414e+01 7.975445966329100855e+00 4.984671819521802050e+00 3.053741522986316070e+00
3.547941469846718210e+00 5.791362408683127683e+00 9.266146224710306356e+00 1.453221003674690159e+01 2.233974921277301462e+01 3.366193142876725375e+01 4.971802620528376337e+01 7.197850751012752823e+01 1.021423642037980386e+02 1.420767731734227937e+02 1.937110406795054018e+02 2.588807594981115017e+02 3.391245919213495199e+02 4.354445954508711907e+02 5.480505721582039769e+02 6.761179666183161316e+02 8.175953791020377821e+02 9.690997692667588126e+02 1.125933296554198705e+03 1.282244795846180068e+03 1.431341746563103243e+03 1.566137330283048186e+03 1.679695099696206171e+03 1.765814909035065511e+03 1.819591979137900353e+03 1.837879182553248256e+03 1.819591979137900353e+03 1.765814909035065511e+03 1.679695099696206171e+03 1.566137330283048186e+03 1.431341746563103243e+03 1.282244795846180068e+03 1.125933296554198705e+03 9.690997692667588126e+02 8.175953791020377821e+02 6.761179666183161316e+02 5.480505721582039769e+02 4.354445954508711907e+02 3.391245919213495199e+02 2.588807594981115017e+02 1.937110406795054018e+02 1.420767731734227937e+02 1.021423642037980386e+02 7.197850751012752823e+01 4.971802620528376337e+01 3.366193142876725375e+01 2.233974921277301462e+01 1.453221003674690159e+01 9.266146224710306356e+00 5.791362408683127683e+00 3.547941469846718210e+00
4.040496448235920468e+00 6.595367889127594196e+00 1.055255032473638543e+01 1.654969326228231452e+01 2.544114047985980420e+01 3.833516294860728379e+01 5.662029940545446038e+01 8.197116734187767406e+01 1.163226234951660274e+02 1.618010619010680671e+02 2.206036312891712896e+02 2.948207568130846425e+02 3.862047107634127201e+02 4.958966646647596122e+02 6.241355470710614100e+02 7.699823308606676164e+02 9.311008237964550744e+02 1.103638323514327112e+03 1.282244795846180068e+03 1.460256767879915060e+03 1.630052607223499535e+03 1.783561643910583143e+03 1.912884454865320095e+03 2.010960138106918066e+03 2.072202991912064135e+03 2.093028978213093069e+03 2.072202991912064135e+03 2.010960138106918066e+03 1.912884454865320095e+03 1.783561643910583143e+03 1.630052607223499535e+03 1.460256767879915060e+03 1.282244795846180068e+03 1.103638323514327112e+03 9.311008237964550744e+02 7.699823308606676164e+02 6.241355470710614100e+02 4.958966646647596122e+02 3.862047107634127201e+02 2.948207568130846425e+02 2.206036312891712896e+02 1.618010619010680671e+02 1.163226234951660274e+02 8.197116734187767406e+01 5.662029940545446038e+01 3.833516294860728379e+01 2.544114047985980420e+01 1.654969326228231452e+01 1.055255032473638543e+01 6.595367889127594196e+00 4.040496448235920468e+00
4.510317578932717453e+00 7.362264541241750671e+00 1.177958051491687286e+01 1.847405966150668988e+01 2.839938720513097081e+01 4.279270172699776964e+01 6.320399856912430181e+01 9.150261651365245541e+01 1.298483937058976778e+02 1.806149771771206360e+02 2.462549958716963943e+02 3.291019455465342389e+02 4.311118493331088075e+02 5.535585719789678478e+02 6.967088241892764700e+02 8.595143905805703071e+02 1.039367430990172124e+03 1.231967258257036519e+03 1.431341746563103243e+03 1.630052607223499535e+03 1.819591979137900353e+03 1.990950750408958129e+03 2.135310968287828928e+03 2.244790702735695959e+03 2.313154757410698949e+03 2.336402349214214610e+03 2.313154757410698949e+03 2.244790702735695959e+03 2.135310968287828928e+03 1.990950750408958129e+03 1.819591979137900353e+03 1.630052607223499535e+03 1.431341746563103243e+03 1.231967258257036519e+03 1.039367430990172124e+03 8.595143905805703071e+02 6.967088241892764700e+02 5.535585719789678478e+02 4.311118493331088075e+02 3.291019455465342389e+02 2.462549958716963943e+02 1.806149771771206360e+02 1.298483937058976778e+02 9.150261651365245541e+01 6.320399856912430181e+01 4.279270172699776964e+01 2.839938720513097081e+01 1.847405966150668988e+01 1.177958051491687286e+01 7.362264541241750671e+00 4.510317578932717453e+00
4.935073506211724137e+00 8.055600530861461550e+00 1.288891407225701968e+01 2.021384099725640127e+01 3.107387915284108715e+01 4.682267375994849345e+01 6.915618986167670812e+01 1.001198098809782380e+02 1.420767731734227937e+02 1.976242632792088330e+02 2.694458837167429124e+02 3.600948855343701780e+02 4.717114989408828478e+02 6.056895539839661069e+02 7.623208786584008294e+02 9.404585426478159889e+02 1.137249114310196546e+03 1.347986892351664665e+03 1.566137330283048186e+03 1.783561643910583143e+03 1.990950750408958129e+03 2.178447111221072646e+03 2.336402349214214610e+03 2.456192259233945606e+03 2.530994449789151076e+03 2.556431366898634224e+03 2.530994449789151076e+03 2.456192259233945606e+03 2.336402349214214610e+03 2.178447111221072646e+03 1.990950750408958129e+03 1.783561643910583143e+03 1.566137330283048186e+03 1.347986892351664665e+03 1.137249114310196546e+03 9.404585426478159889e+02 7.623208786584008294e+02 6.056895539839661069e+02 4.717114989408828478e+02 3.600948855343701780e+02 2.694458837167429124e+02 1.976242632792088330e+02 1.420767731734227937e+02 1.001198098809782380e+02 6.915618986167670812e+01 4.682267375994849345e+01 3.107387915284108715e+01 2.021384099725640127e+01 1.288891407225701968e+01 8.055600530861461550e+00 4.935073506211724137e+00
5.292906710503006096e+00 8.639697474264728783e+00 1.382346578997825581e+01 2.167950984412938809e+01 3.332698961472691934e+01 5.021770067574189511e+01 7.417057941101816709e+01 1.073793152029658842e+02 1.523785015946955070e+02 2.119536391812887928e+02 2.889829146914790954e+02 3.862047107634127201e+02 5.059144418057865096e+02 6.496070019480212068e+02 8.175953791020377821e+02 1.008649481120199994e+03 1.219708979221797335e+03 1.445726970270607353e+03 1.679695099696206171e+03 1.912884454865320095e+03 2.135310968287828928e+03 2.336402349214214610e+03 2.505810634233816018e+03 2.634286292761683853e+03 2.714512254107878562e+03 2.741793555813684634e+03 2.714512254107878562e+03 2.634286292761683853e+03 2.505810634233816018e+03 2.336402349214214610e+03 2.135310968287828928e+03 1.912884454865320095e+03 1.679695099696206171e+03 1.445726970270607353e+03 1.219708979221797335e+03 1.008649481120199994e+03 8.175953791020377821e+02 6.496070019480212068e+02 5.059144418057865096e+02 3.862047107634127201e+02 2.889829146914790954e+02 2.119536391812887928e+02 1.523785015946955070e+02 1.073793152029658842e+02 7.417057941101816709e+01 5.021770067574189511e+01 3.332698961472691934e+01 2.167950984412938809e+01 1.382346578997825581e+01 8.639697474264728783e+00 5.292906710503006096e+00
5.564279840566509705e+00 9.082664236127445889e+00 1.453221003674690159e+01 2.279104208273270160e+01 3.503570091118632490e+01 5.279241724687017978e+01 7.797338633626604576e+01 1.128847704215286569e+02 1.601911144355912597e+02 2.228207346430016287e+02 3.037993855616501833e+02 4.060058497098381167e+02 5.318532299096334555e+02 6.829130651514382180e+02 8.595143905805703071e+02 1.060364045876340469e+03 1.282244795846180068e+03 1.519850977096768702e+03 1.765814909035065511e+03 2.010960138106918066e+03 2.244790702735695959e+03 2.456192259233945606e+03 2.634286292761683853e+03 2.769349039159907079e+03 2.853688273502142238e+03 2.882368317456969635e+03 2.853688273502142238e+03 2.769349039159907079e+03 2.634286292761683853e+03 2.456192259233945606e+03 2.244790702735695959e+03 2.010960138106918066e+03 1.765814909035065511e+03 1.519850977096768702e+03 1.282244795846180068e+03 1.060364045876340469e+03 8.595143905805703071e+02 6.829130651514382180e+02 5.318532299096334555e+02 4.060058497098381167e+02 3.037993855616501833e+02 2.228207346430016287e+02 1.601911144355912597e+02 1.128847704215286569e+02 7.797338633626604576e+01 5.279241724687017978e+01 3.503570091118632490e+01 2.279104208273270160e+01 1.453221003674690159e+01 9.082664236127445889e+00 5.564279840566509705e+00
5.733737389897912706e+00 9.359272542494984748e+00 1.497478172073065039e+01 2.348513264767732167e+01 3.610269685417132735e+01 5.440018571040322826e+01 8.034802947791452254e+01 1.163226234951660274e+02 1.650696601692216916e+02 2.296066362717345442e+02 3.130514542642951028e+02 4.183705686451528436e+02 5.480505721582039769e+02 7.037108642813929009e+02 8.856905007720426966e+02 1.092656938714570060e+03 1.321294963517997985e+03 1.566137330283048186e+03 1.819591979137900353e+03 2.072202991912064135e+03 2.313154757410698949e+03 2.530994449789151076e+03 2.714512254107878562e+03 2.853688273502142238e+03 2.940596019920265917e+03 2.970149501247504304e+03 2.940596019920265917e+03 2.853688273502142238e+03 2.714512254107878562e+03 2.530994449789151076e+03 2.313154757410698949e+03 2.072202991912064135e+03 1.819591979137900353e+03 1.566137330283048186e+03 1.321294963517997985e+03 1.092656938714570060e+03 8.856905007720426966e+02 7.037108642813929009e+02 5.480505721582039769e+02 4.183705686451528436e+02 3.130514542642951028e+02 2.296066362717345442e+02 1.650696601692216916e+02 1.163226234951660274e+02 8.034802947791452254e+01 5.440018571040322826e+01 3.610269685417132735e+01 2.348513264767732167e+01 1.497478172073065039e+01 9.359272542494984748e+00 5.733737389897912706e+00
5.791362408683127683e+00 9.453334795333324436e+00 1.512528077907293600e+01 2.372116215478032331e+01 3.646553498974480334e+01 5.494691666620253301e+01 8.115554059905124973e+01 1.174916852969611938e+02 1.667286378344491879e+02 2.319142213298992203e+02 3.161976736855929744e+02 4.225752627631350151e+02 5.535585719789678478e+02 7.107832760463652448e+02 8.945918382896621779e+02 1.103638323514327112e+03 1.334574198668823328e+03 1.581877272129145695e+03 1.837879182553248256e+03 2.093028978213093069e+03 2.336402349214214610e+03 2.556431366898634224e+03 2.741793555813684634e+03 2.882368317456969635e+03 2.970149501247504304e+03 3.000000000000000000e+03 2.970149501247504304e+03 2.882368317456969635e+03 2.741793555813684634e+03 2.556431366898634224e+03 2.336402349214214610e+03 2.093028978213093069e+03 1.837879182553248256e+03 1.581877272129145695e+03 1.334574198668823328e+03 1.103638323514327112e+03 8.945918382896621779e+02 7.107832760463652448e+02 5.535585719789678478e+02 4.225752627631350151e+02 3.161976736855929744e+02 2.319142213298992203e+02 1.667286378344491879e+02 1.174916852969611938e+02 8.115554059905124973e+01 5.494691666620253301e+01 3.646553498974480334e+01 2.372116215478032331e+01 1.512528077907293600e+01 9.453334795333324436e+00 5.791362408683127683e+00
5.733737389897912706e+00 9.359272542494984748e+00 1.497478172073065039e+01 2.348513264767732167e+01 3.610269685417132735e+01 5.440018571040322826e+01 8.034802947791452254e+01 1.163226234951660274e+02 1.650696601692216916e+02 2.296066362717345442e+02 3.130514542642951028e+02 4.183705686451528436e+02 5.480505721582039769e+02 7.037108642813929009e+02 8.856905007720426966e+02 1.092656938714570060e+03 1.321294963517997985e+03 1.566137330283048186e+03 1.819591979137900353e+03 2.072202991912064135e+03 2.313154757410698949e+03 2.530994449789151076e+03 2.714512254107878562e+03 2.853688273502142238e+03 2.940596019920265917e+03 2.970149501247504304e+03 2.940596019920265917e+03 2.853688273502142238e+03 2.714512254107878562e+03 2.530994449789151076e+03 2.313154757410698949e+03 2.072202991912064135e+03 1.819591979137900353e+03 1.566137330283048186e+03 1.321294963517997985e+03 1.092656938714570060e+03 8.856905007720426966e+02 7.037108642813929009e+02 5.480505721582039769e+02 4.183705686451528436e+02 3.130514542642951028e+02 2.296066362717345442e+02 1.650696601692216916e+02 1.163226234951660274e+02 8.034802947791452254e+01 5.440018571040322826e+01 3.610269685417132735e+01 2.348513264767732167e+01 1.497478172073065039e+01 9.359272542494984748e+00 5.733737389897912706e+00
5.564279840566509705e+00 9.082664236127445889e+00 1.453221003674690159e+01 2.279104208273270160e+01 3.503570091118632490e+01 5.279241724687017978e+01 7.797338633626604576e+01 1.128847704215286569e+02 1.601911144355912597e+02 2.228207346430016287e+02 3.037993855616501833e+02 4.060058497098381167e+02 5.318532299096334555e+02 6.829130651514382180e+02 8.595143905805703071e+02 1.060364045876340469e+03 1.282244795846180068e+03 1.519850977096768702e+03 1.765814909035065511e+03 2.010960138106918066e+03 2.244790702735695959e+03 2.456192259233945606e+03 2.634286292761683853e+03 2.769349039159907079e+03 2.853688273502142238e+03 2.882368317456969635e+03 2.853688273502142238e+03 2.769349039159907079e+03 2.634286292761683853e+03 2.456192259233945606e+03 2.244790702735695959e+03 2.010960138106918066e+03 1.765814909035065511e+03 1.519850977096768702e+03 1.282244795846180068e+03 1.060364045876340469e+03 8.595143905805703071e+02 6.829130651514382180e+02 5.318532299096334555e+02 4.060058497098381167e+02 3.037993855616501833e+02 2.228207346430016287e+02 1.601911144355912597e+02 1.128847704215286569e+02 7.797338633626604576e+01 5.279241724687017978e+01 3.503570091118632490e+01 2.279104208273270160e+01 1.453221003674690159e+01 9.082664236127445889e+00 5.564279840566509705e+00
5.292906710503006096e+00 8.639697474264728783e+00 1.382346578997825581e+01 2.167950984412938809e+01 3.332698961472691934e+01 5.021770067574189511e+01 7.417057941101816709e+01 1.073793152029658842e+02 1.523785015946955070e+02 2.119536391812887928e+02 2.889829146914790954e+02 3.862047107634127201e+02 5.059144418057865096e+02 6.496070019480212068e+02 8.175953791020377821e+02 1.008649481120199994e+03 1.219708979221797335e+03 1.445726970270607353e+03 1.679695099696206171e+03 1.912884454865320095e+03 2.135310968287828928e+03 2.336402349214214610e+03 2.505810634233816018e+03 2.634286292761683853e+03 2.714512254107878562e+03 2.741793555813684634e+03 2.714512254107878562e+03 2.634286292761683853e+03 2.505810634233816018e+03 2.336402349214214610e+03 2.135310968287828928e+03 1.912884454865320095e+03 1.679695099696206171e+03 1.445726970270607353e+03 1.219708979221797335e+03 1.008649481120199994e+03 8.175953791020377821e+02 6.496070019480212068e+02 5.059144418057865096e+02 3.862047107634127201e+02 2.889829146914790954e+02 2.119536391812887928e+02 1.523785015946955070e+02 1.073793152029658842e+02 7.417057941101816709e+01 5.021770067574189511e+01 3.332698961472691934e+01 2.167950984412938809e+01 1.382346578997825581e+01 8.639697474264728783e+00 5.292906710503006096e+00
4.935073506211724137e+00 8.055600530861461550e+00 1.288891407225701968e+01 2.021384099725640127e+01 3.107387915284108715e+01 4.682267375994849345e+01 6.915618986167670812e+01 1.001198098809782380e+02 1.420767731734227937e+02 1.976242632792088330e+02 2.694458837167429124e+02 3.600948855343701780e+02 4.717114989408828478e+02 6.056895539839661069e+02 7.623208786584008294e+02 9.404585426478159889e+02 1.137249114310196546e+03 1.347986892351664665e+03 1.566137330283048186e+03 1.783561643910583143e+03 1.990950750408958129e+03 2.178447111221072646e+03 2.336402349214214610e+03 2.456192259233945606e+03 2.530994449789151076e+03 2.556431366898634224e+03 2.530994449789151076e+03 2.456192259233945606e+03 2.336402349214214610e+03 2.178447111221072646e+03 1.990950750408958129e+03 1.783561643910583143e+03 1.566137330283048186e+03 1.347986892351664665e+03 1.137249114310196546e+03 9.404585426478159889e+02 7.623208786584008294e+02 6.056895539839661069e+02 4.717114989408828478e+02 3.600948855343701780e+02 2.694458837167429124e+02 1.976242632792088330e+02 1.420767731734227937e+02 1.001198098809782380e+02 6.915618986167670812e+01 4.682267375994849345e+01 3.107387915284108715e+01 2.021384099725640127e+01 1.288891407225701968e+01 8.055600530861461550e+00 4.935073506211724137e+00
4.510317578932717453e+00 7.362264541241750671e+00 1.177958051491687286e+01 1.847405966150668988e+01 2.839938720513097081e+01 4.279270172699776964e+01 6.320399856912430181e+01 9.150261651365245541e+01 1.298483937058976778e+02 1.806149771771206360e+02 2.462549958716963943e+02 3.291019455465342389e+02 4.311118493331088075e+02 5.535585719789678478e+02 6.967088241892764700e+02 8.595143905805703071e+02 1.039367430990172124e+03 1.231967258257036519e+03 1.431341746563103243e+03 1.630052607223499535e+03 1.819591979137900353e+03 1.990950750408958129e+03 2.135310968287828928e+03 2.244790702735695959e+03 2.313154757410698949e+03 2.336402349214214610e+03 2.313154757410698949e+03 2.244790702735695959e+03 2.135310968287828928e+03 1.990950750408958129e+03 1.819591979137900353e+03 1.630052607223499535e+03 1.431341746563103243e+03 1.231967258257036519e+03 1.039367430990172124e+03 8.595143905805703071e+02 6.967088241892764700e+02 5.535585719789678478e+02 4.311118493331088075e+02 3.291019455465342389e+02 2.462549958716963943e+02 1.806149771771206360e+02 1.298483937058976778e+02 9.150261651365245541e+01 6.320399856912430181e+01 4.279270172699776964e+01 2.839938720513097081e+01 1.847405966150668988e+01 1.177958051491687286e+01 7.362264541241750671e+00 4.510317578932717453e+00
